[Running] python -u "c:\Users\dpgbu\Desktop\SAE\tool\github desktop\3-2-data-mining-introduction\weeks\week04\week04code.py"
2

1

1

1

<attribute 'nin' of 'numpy.ufunc' objects>

<attribute 'nout' of 'numpy.ufunc' objects>

[ 2  4  6  8 10]

15

[[1 2 3 4 5]
 [1 2 3 4 5]]

(2, 5)

[ 2  4  6  8 10]

[15 15]

[ 1  3  6 10 15]

[1 2 3 4 5]

[[ 1  2  3  4]
 [ 5  6  7  8]
 [ 9 10 11 12]]

(3, 4)

[[ 1  2  3  4]
 [ 6  8 10 12]
 [15 18 21 24]]

[[ 1  2  3  4]
 [ 6  8 10 12]
 [15 18 21 24]]

[[ 1  3  6 10]
 [ 5 11 18 26]
 [ 9 19 30 42]]

[[ 1  2  3  4]
 [ 5  6  7  8]
 [ 9 10 11 12]]

(3, 4)

[[  1   2   3   4]
 [  5  12  21  32]
 [ 45 120 231 384]]

[[  1   2   3   4]
 [  5  12  21  32]
 [ 45 120 231 384]]

[[    1     2     6    24]
 [    5    30   210  1680]
 [    9    90   990 11880]]

[0 1 2 3 4 5 6]

(7,)

[3 7 5 6]

[ 0  1  2 18]

[ 1  2 18]

[0 1 2 3 4 5 6]

[[0. 1. 2.]
 [3. 4. 5.]]

[[1 2 3]
 [2 4 6]
 [3 6 9]]

[[ 2  4  8]
 [ 4  8 16]
 [ 8 16 32]]

[[ 2  4  8 16]
 [ 4  8 16 32]
 [ 8 16 32 64]]

-1

8

[  1   8  27  64 125]

1.0

6.123233995736766e-17

6.123233995736766e-17

5

0

1

13

1100100

1110110001111

10010011110011110

[5 0 1 5 4]

[[ 0.61810884 -0.5779077   0.53477621  0.08133978]
 [ 0.49383493  0.39982967  1.21892356 -0.23172698]
 [-1.54313201 -0.64581312  1.16373191 -1.69051147]]

[ 0.61810884 -0.5779077   0.53477621  0.08133978]

[ 0.61810884 -0.5779077   0.53477621  0.08133978]

---
[[ 0.          0.          0.          0.        ]
 [ 0.49383493  0.39982967  1.21892356 -0.23172698]
 [-1.54313201 -0.64581312  1.16373191 -1.69051147]] 
 [0. 0. 0. 0.] 
 [0. 0. 0. 0.]

[0. 0. 0. 0.]

[0. 0. 0. 0.]

---
[[ 0.          0.          0.          0.        ]
 [ 0.49383493  0.39982967  1.21892356 -0.23172698]
 [-1.54313201 -0.64581312  1.16373191 -1.69051147]] 
 [9. 9. 9. 9.] 
 [0. 0. 0. 0.]

[2 4 9]

[2 4 6]

(4,)

(5,)

(4, 1)

(3, 4)

[[0 1 2 3]
 [1 2 3 4]
 [2 3 4 5]
 [3 4 5 6]]

[[1. 1. 1. 1. 1.]
 [2. 2. 2. 2. 2.]
 [3. 3. 3. 3. 3.]
 [4. 4. 4. 4. 4.]]

[[1. 2. 3. 4.]
 [1. 2. 3. 4.]
 [1. 2. 3. 4.]]

<numpy.broadcast object at 0x0000027596B526F0>

2

0

[[5 6 7]
 [6 7 8]
 [7 8 9]]

[4.5        4.73061576 5.15977681 5.71962353 6.37217101 7.09315145
 7.86583537]

[3.         3.30249241 3.83598607 4.50708935 5.26661752 6.08565399
 6.9460222  7.83586833 8.74724654 9.67470062]

[[1 2]
 [3 4]
 [5 6]]

[[1 2 5]
 [3 4 6]]

[1 2 3 4 5 6]

[[1 2 5]
 [3 4 6]]

[[1 2]
 [3 4]
 [5 6]]

[[10 11  0  7]
 [ 3 11 10  9]
 [11  1  0  2]]

[[ 0  7 10 11]
 [ 3  9 10 11]
 [ 0  1  2 11]]

[ 0  0  1  2  3  7  9 10 10 11 11 11]

[[ 0  7 10 11]
 [ 3  9 10 11]
 [ 0  1  2 11]]

[[ 0  7 10 11]
 [ 3  9 10 11]
 [ 0  1  2 11]]

[[ 0  7 10 11]
 [ 3  9 10 11]
 [ 0  1  2 11]]

[[ 0  1  2 11]
 [ 0  7 10 11]
 [ 3  9 10 11]]

[[ 0  1  2 11]
 [ 0  7 10 11]
 [ 3  9 10 11]]

[(b'Naeun',  162., 28) (b'Naeun2',  162., 38) (b'Jin',  175., 59)
 (b'Suho',  185., 19) (b'Naeun3', 1162., 28)]

[(b'Suho',  185., 19) (b'Naeun',  162., 28) (b'Naeun3', 1162., 28)
 (b'Naeun2',  162., 38) (b'Jin',  175., 59)]

[(b'Jin',  175., 59) (b'Naeun',  162., 28) (b'Naeun2',  162., 38)
 (b'Naeun3', 1162., 28) (b'Suho',  185., 19)]

[(b'Suho',  185., 19) (b'Naeun',  162., 28) (b'Naeun3', 1162., 28)
 (b'Naeun2',  162., 38) (b'Jin',  175., 59)]

[15. 16. 16. 17. 19. 20. 22. 35. 43. 45. 55. 59. 60. 75. 88.]

[[0. 1. 2. 3. 4.]
 [0. 1. 2. 3. 4.]
 [0. 1. 2. 3. 4.]]

[0. 1. 2. 3. 4.]

[0 1 2 3 3 2 1 0]


[Done] exited with code=0 in 7.859 seconds